0001000000000000100000000000000000000000010000010000001100010000000000000
0000000000010000000000100000000000000000000101000000000000000000000000000
0000000001000000000000000000010000000000000100000000000000000000000000000
0000000001000000000000000000000000000001010000000000010000001000000000000
0000000000000100000000000000000000000000000000000000000000000000000000000
0000000000100000000000000000000000000000000000000000000000000000000000001
0000000000010000000000000000000000000001010000000000100000000000000000000
0000000000000000000001000000001000000000000000000000000000000000000000000
0000000000000000001000000000000000000011010000000000000010000000000000000
0000000000000000000001000000010000000000010000000000010000000000000000100
0000000000010000000000100000000000000000100100100000000000000000000000000
1000000000000000000000000000000100000000000000000000000000000000000000000
0001000000000000100000000000000000000000000100000000000000010000000000000
0000000000000000001000000000000000000010000000000000000010000000000000010
0000000000000000000001000000000000000000000000000000000001000010000000000
0000000000000000001000000000000000000000000000100000000000000000100000000
1000100000000000000000000000000000000000000000000000000000000000000000000
0000000000000000000001000000010000000000010000000000000010000000000000100
0001000000000000100000000000000000000000011000000000000000010000000000000
0100000000000000100000000000000000000100010000010000000000010000000000000
0000000000000000100000000000000000000000000000000000000000000000000000000
0000000000000000001000000000000000000000000000000000001000000000100000000
0001000000000000100000000000000000000000000100010000000100010000000000000
0000000000010000000000100000000000000000100100000000000000000000000000000
0000100000000000000000000000000000000000000000000000000000000000000000000
0000000000000000000001000000000000010000000000000000000000000001000000000
0000000000010000000000000000000000000000000000001000000000000100000000000
0000000001000000000000000000000000000001010000000000001000001000000000000
0000000000000000001000000000000000000001000100000000000010000000000000000
0000000000000000001000000000000000000000011000000000000000000000000000100
0000000000000001000000000000000000000000000000000000000000000000000000000
0000000001000000000000000000010000000000010000000000001000000000000000100
0000000001000000000000000000010000000000010000000000010000100000000000100
0001000000000000100000000000000000000000010000000000000010010000000000000
0000000001000000000000000000010000000000010000000000010000000000000000000
0000000001000000000000010000000000000000000000000001000000000000000000000
0000000000000000001000000000000000000010010000100000000010000000000000100
0000000000000000000010000000000000000000000000000000000000000000000000001
0000000001000000000000000000000000000000010000000000001000001000000000100
0000000000000000001000000000000000000000000100000000000000000000000000100
1000000000000000000000000000000001000000000000000000000000000000000000000
0000000000010000000000000000000000000000010000000000000010000100000000000
0000000000000000001000000000000000000010000000000000001000000000000000000
0000000000000000100000000000000000000100000000000000000000000000010000000
0000000000010000000000000000000000000000000000000000000000000100000000000
0000000000000000100000000000000000000000000000010000000000000000000100000
0000000001000000000000000000000000000000010000000000000010000000000000100
0000000000000000100000000000000000000000000000010000000000000100000100000
1000000000000000000000000010000000000000000000000000000000000000000000000
0000000000010000000000000000000000000000000100000000000000000100001000000
0000000000000000001000000000000000000000000000000000000010000000100000000
0000000000000000001000000000000000000010011000100000000000000000000000100
0000000000000000001000000000000000000010001000000000000000000000000000010
0000000001000000000000000000000000000000000000100001000000000000000000000
0000000000010000000000000000000000000000110000100000001000000000000000000
0010000000000000100000000000000000000100000100011000000000010000000000000
0000000000000000001000000000000000000010000000100000000000000000000000010
0010000000000000100000000000000000000100010000010000000000010000000000000
0000000000100000000000000000000000000000000001000000000000000000000000000
0000000000010000000000100000000000000000000001000000000000000000000000000
0000000000000000001000000000000000000000000010000000000000000000100000000
0000000000000000001000000000000000000000000000000000000000000000000000001
0000000000000000001000000000000000000010000100000000000000000000000000000
0000000001000000000000000000010000000000010000000000010000001000000000100
0000000000010000000000000000000000000000010000000100001000000100000000000
0000000001000000000000000000010000000001010000000000000000000000000000000
0000000000010000000000000000000000000000100000000000100000000000000000000
0000000000000000001000000000000000000000000000000000000000000000000000000
0000000001000000000000000000000000000000000100000000000000001000000000000
0000000000000000001000000000000000000010000010000000001000000000000000000
0010000000000000100000000000000000000100000100010000000000010000000000000
0000000000010000000000000000000000000000010000000000001000000100000000000
0000000000000000010000000000000000000000000000000000000000000000000000000
1000000010000000000000000000000000000000000000000000000000000000000000000
0001000000000000100000000000000000000000010000000000001100010000000000000
0000000001000000000000000000000000000000000000000000000000000000000010000
0000000000000000001000000000000000000011000100000000000010000000000000000
0000000000010000000000000000000000000000000000000000000000000000000000000
0000000000010000000000000000000000000000011000000000000000000000000000000
0000000000000000001000000000000000000000000000000000000000000000100000000
1000000000000000000000000100000000000000000000000000000000000000000000000
0000000000000000001000000000000000000011010000100000001000000000000000000
0000000001000000000000000000100000000001010000000000000000001000000000000
0000000000010000000000100000000000000000110000000000000010000000000000100
0000000001000000000000000000000000000000000100000000000000000000000000000
0000000000000000001000000000000000000010000010100000000000000000000000000
0000000001000000000000000000010000000000010000000000000010001000000000100
0000000000010000000000100000000000000001000000000000100000000000000000000
0000000000000000001000000000000000000000000000000000000000000000000000010
0000000000000010000000010000000000000000000000000000000000000000000000000
0000000000000000001000000000000000000010010000000000001000000000000000100
0000000000010000000000000000000000000000100000000000000000000000000000000
0100000000000000100000000000000000000100000100010000000000010000000000000
0000000000100000000000000000000000000000000000000010000000000000000000000
0000000001000000000000000000000000000000000000000000000000000000000010100
0000000000000000001000000000000000000011000100000000000000000000000000000
0000000000010000000000100000000000000000011001000000000000000000000000100
0000000000010000000000000000000000000000000100000000000000000000000100000
0000000000010000000000000000000000000000100100000000000000000000000000000
0000000000010000000000100000000000000000010001000000000010000000000000100
1000001000000000000000000000000000000000000000000000000000000000000000000
0000000001000000000000000000000000000000010000000000010000001000000000100
0000000000000000000001000000000000010000000000000000000000100000000000000
0000000001000000000000000000000000000000000010000000000000000000000000000
0000000000010000000000000000000010000000000000100000000000000000000000000
0000000000010000000000000000000000000000010000000000110000000000000000000
0000000001000000000000000000000000000000010000000000000010001000000000100
0000000000010000000000100000000000000000010001000000001000000000000000100
0000000000001000000000000000000000000000000000000000000000000000000000000
0000000000100000000000000000000000000000000000000000001000000000100000000
0000000001000000000000000000010000000001010000100000000000000000000000000
0000000000100000000000000000000000000000000010000000000000000000000000000
0000000000000000001000000000000000000000001000000000000000000000100000000
0000000000000000001000000000000000000011000100000000001000000000000000000
0010000000000000100000000000000000000000010000011000000100010000000000000
0000000000010000000000100000000000000001110000000000000000000000000000000
0000000000000000001000000000000000000011010000100000000010000000000000000
0000000000000000001000000000000000000010000000000000001000000000000000010
0000000000010000000000000000000000000000010000000000000010000000000000000
0000000000000000001000000000000000000010001010000000000000000000000000000
0000000000010000000000000000000000000000011000000000000000000000000100000
0000000000000000001000000000000000000010010000000000001000000000000000000
0000000001000000000000000000010000000001000000000000000000000000000000000
0000000000010000000000000000000000000000000100100000100000000000000000000
0000000000000010000000000000000000000000000000000000000000000000000000000
0000000001000000000000000000000000000000000000000001000000000000000000000
0000000000000000001000000000000000000011000100100000001000000000000000000
0000000001000000000000000000010000000000000100000000010000000000000000100
0000000000000000000001000000000000000000000010000000000000000000000000000
0000000000010000000000000000000000000000010000000000101000000000000000000
0000000000000000001000000000000000000000000010000000000010000000000000000
0000000000000000000010000000000000000000000000000000000000000000000000000
0000000001000000000000000000100000000000000100000000000000001000000000000
1000010000000000000000000000000000000000000000000000000000000000000000000
0000000000000000001000000000000000000010010000000000000010000000000000000
0000000000000000001000000000000000000000001000100000000000000000100000000
0000000000000000100000000000000000000000000000000000000000000000000100000
0000000000000000001000000000000000000010001100100000000000000000000000100
1000000000000000000000000000000000100000000000000000000000000000000000000
0000000000010000000000000000000000000000010000001000001000000100000000000
0000000000000000001000000000000000000010011000000000000000000000000000100
0000000000000000001000000000000000000010010000000000001000000000000000010
0000000000010000000000000000000000000000000100000000100000000000000000000
0000000000000000001000000000000000000011001100000000000000000000000000000
0001000000000000100000000000000000000000011000010000000100010000000000000
0001000000000000100000000000000000000100010000000000001000010000000000000
0000000001000000000000000000010000000000010000000000010000000000000000100
0000000000000000001000000000000000000000000000100000000010000000100000000
0001000000000000100000000000000000000100011000010000000000010000000000000
0000000000000000100000000000000000000000010000110000000100010000000000000
0000000000000000001000000000000000000010000000000000000000000000000000010
0000000000000000001000000000000000000010000000000000000010000000000000000
0000000000000000001000000000000000000000010000000000000010000000000000100
0000000000000000001000000000000000000010000000100000000010000000000000000
0000000001000000000000000000000000000000010000100000010000001000000000100
0000000000000000000001000000000000000000000000000010000001000000000000000
0010000000000000100000000000000000000000010000010000000100010000000000000
0000000001000000000000000000000000000001010000100000000000001000000000000
0000000000010000000000100000000000000001100000000000000000000000000000000
0000000000000000100000000000000000000000010000010000000100010000000000000
0000000000000000000001000000000000000000000000000000000000000000000000000
0000000000010000000000000000000000000001000000000000000000000000000000000
0010000000000000100000000000000000000100010000011000000000010000000000000
0000000001000000000000010000000000000000000000000000000000000000000010000
0000000000000000000001000000000000000000000010000000000000000010000000000
0000000000000000100000000000000000000000010000110000000000010000000000000
0000000000000000000001000000000000000000000000000100000000000000000000000
0000000000010000000000000000000000000000111000100000000000000000000000000
0000000000000000001000000000000000000010001000100000000000000000000000010
0100000000000000100000000000000000000000010000010000000100010000000000000
0000000000000000001000000000000000000000000010000000001000000000100000000
0000000000000000000001000000000000010000000000000010000000000000000000000
0100000000000000100000000000000000000000000100010000000100010000000000000
0000000001000000000000000000000000000000000100000000000000100000000000000
0000001000000000000000000000000000000000000000000000000000000000000000000
1000000100000000000000000000000000000000000000000000000000000000000000000
0000000000010000000000100000000000000000110000100000001000000000000000100
0000000000000000100000000000000000000000000010000000000000000000000000000
0000000000000000100000000000000000000000000100000000100000000000000000000
0000000000000000001000000000000000000010000000100000000000000000000000000
0000000000000000001000000000000000000011010010000000001000000000000000100
0000000000000000001000000000000000000011010000000000001000000000000000000
0000000000000000000001000000000000000000000000000010000001000010000000000
0010000000000000100000000000000000000000000100010000000100010000000000000
0000000001000000000000000000000000000000010000000000010000000000000000100
0000000000100000000000100000000000000000000001000000000000000000000000000
0000000001000000000000000000000000000000000100100000000000001000000000000
0001000000000000100000000000000000000000000100000000000100010000000000000
0000000000010000000000000000000000000000010000000000100010000000000000000
0000000000010000000000000000000000000000010000000000100000000000000000000
0000000001000000000000000000000000000001000000000000000000000000000010000
0000000000010000000000000000000000000000000000000000100000000000000000000
0000000000010000000000000000000000000000010000000000001000000000000100000
0000000000000000100000000000000000000000010000000000000000000000000000000
0000000000000000001000000000000000000010000100000000000010000000000000100
0001000000000000100000000000000000000100010000010000001000010000000000000
0001000000000000100000000000000000000100011000000000000000010000000000000
0000000001000000000000000000000000000000000000000000000000000000000000000
0000000000000010000000000000000000000000000010000000000000000000000000000
0000000000010000000000000000000000000000000100001000000000000100000000000
0000000000000000001000000000000000000000000000100000001000000000100000000
0000000001000000000000000000000000000000010000000000000000001000000000100
0000000000000000001000000000000000000010000000000000001000000000000000100
0000000000000000000001000000000000010000000000000000000000000010000000000
1000000000000000000000000000000000001000000000000000000000000000000000000
0000000001000000000000000000010000000000010000000000000010000000000000100
0000000000000000001000000000000000000010010000100000001000000000000000100
0000000000010000000000000000000000000000000000000000000000000000000100000
0000000000100000000000000000000000000000000000000000000000000000000000000
0000000000010000000000000000000000000000110000100000000010000000000000000
0000000000000000000001000000010000000000000000000000000000000000000000000
0000000000000000001000000000000000000010000100000000001000000000000000100
0000000000000000001000001000000000000000000000000000000000000000000000000
0000000001000000000000000000010000000000000000000000000000000000000000000
0000000000000000000100000000000000000000000000000000000000000000000000000
0000000000000000001000000000000000000010000100100000001000000000000000100
0000000000000000001000000000000000000010000100000000000000000000000000100
0000000000000000100000000000000000000000000100010000000000000000001000000
0000000000010000000000000000000000000000110000000000000010000000000000000
0000000000010000000000100000000000000000111000000000000000000000000000100
0001000000000000100000000000000000000000011000000000001000010000000000000
0000000001000000000000000000001000000000000000000000000000000000000000000
0000000000010000000000000000000000000000000100000000000000001000000000000
0000000000000000000001000000000000000000000000000000000000000001000000000
0000000001000000000000000000000000000000000010000000000000001000000000000
0000000001000000000000000000010000000000011000000000000000000000000000100
0000000000000000001000000000000000000011010110000000000010000000000000100
0001000000000000100000000000000000000000010000000000001000010000000000000
0000000000010000000000000000000000000000010000100000101000000000000000000
0000000000000000000001000000000000000000000000000000000001000001000000000
0000000000010000000000000000000000000000000100000000000000000100000000000
0000000001000000000000000000000000000001010000000000000000001000000000000
0000000001000000000000000000100000000000010000000000000010001000000000100
0000000001000000000000000000100000000000000100000000000000000000000000000
0000000000000000001000000000000000000011011000100000000000000000000000000
0000000001000000000000000000000000000000011000000000000000001000000000100
0001000000000000100000000000000000000000000100100000000000010000000000000
0000000000010000000000000000000000000000111000000000000000000000000000000
0000000000000000000001000000000000000000000000000010000000000000000000000
0000000000010000000000000000000000000000011000000000100000000000000000000
0000000001000000000000000000100000000000010000000000010000001000000000100
0000000000000000001000000000000000000011001100100000000000000000000000000
0001000000000000100000000000000000000100000100010000000000010000000000000
0000000000000001000000000000000000000000000010000000000000000000000000000
0000000000010000000000000000000000000000011000000000000000000100000000000
0001000000000000100000000000000000000000011000000000000100010000000000000
0000000000000000000001000000000000000000000000000000000000000010000000000
0000000000000000001000000000000000000010010000000000000010000000000000100
0000000000000000001000000000000000000010010000000000010000000000000000100
0000000000000000000001000000000000000000000000000000000000100000000000000
0000000000000000001000000000000000000000000010100000000000000000100000000
0000000000000000001000000000000000000010001000000000000000000000000000000
0000000000000000001000000000000000000010001100000000000000000000000000100
0000000000000000100000000000000000000000010000010000000000010000000000000
0000000000000000001000000000000000000000000000000000000000000000000001000
0000000001000000000000000000000000000000000000000000000000000000000000001
0000000000000000001000000000000000000010000000000000000000000000000000000
0000000000000000001000000000000000000011010110000000001000000000000000100
0000000000000000001000000000000000000011011000000000000000000000000000000
0000000100000000000000000000000000000000000000000000000000000000000000000
0000000000000000001000000000000000000010000010000000000000000000000000000
0001000000000000100000000000000000000000000100001000000100010000000000000
0000000000010000000000000000000000000000110000000000001000000000000000000
0000000000010000000000000000000000000000000001000000000000000000000000000
0000000000010000000000010000000000000000000001000000000000000000000000000
0000000000000000001000000000000000000010000100100000000010000000000000100
0000000001000000000000010000000000000000000000000000000000001000000000000
0000000000000000001000000000000000000000000010000000000000000000000000000
0001000000000000100000000000000000000100000100000000000000010000000000000
0000000000010000000000100000000000000000110000000000001000000000000000100
0000000000010000000000000000000010000000000000000000000000000000000000000
0000000000000000001000000000000000000011000100100000000010000000000000000
0000000000010000000000000000000000000000010000000000000010000000000100000
0000000000000000001000000000000000000000010000000000000010001000000000100
0000000000100000000000000000000000000001000000000000000000000000000000000
0000000001000000000000000000000000000000010000100000000010001000000000100
